0	-2,81E-01	0,247
1	-2,54E-01	0,242
2	-2,15E-01	0,231
3	-1,84E-01	0,23
4	-1,55E-01	0,224
5	-1,40E-01	0,225
6	-1,46E-01	0,22
7	-1,61E-01	0,219
8	-1,85E-01	0,219
9	-2,09E-01	0,22
10	-2,35E-01	0,215
11	-2,50E-01	0,21
12	-2,64E-01	0,211
13	-2,74E-01	0,211
14	-2,80E-01	0,215
15	-2,84E-01	0,21
16	-2,77E-01	0,205
17	-2,61E-01	0,204
18	-2,33E-01	0,2
19	-1,97E-01	0,2
20	-1,60E-01	0,198
21	-1,28E-01	0,205
22	-1,01E-01	0,214
23	-7,51E-02	0,216
24	-5,59E-02	0,214
25	-4,90E-02	0,212
26	-5,19E-02	0,211
27	-7,01E-02	0,21
28	-1,00E-01	0,21
29	-1,29E-01	0,206
30	-1,60E-01	0,209
31	-1,91E-01	0,21
32	-2,25E-01	0,212
33	-2,52E-01	0,216
34	-2,65E-01	0,223
35	-2,75E-01	0,229
36	-2,75E-01	0,229
37	-2,69E-01	0,235
38	-2,50E-01	0,233
39	-2,35E-01	0,23
40	-2,16E-01	0,23
41	-1,97E-01	0,23
42	-1,85E-01	0,237
43	-1,78E-01	0,234
44	-1,83E-01	0,236
45	-1,85E-01	0,23
46	-1,91E-01	0,233
47	-1,95E-01	0,228
48	-2,04E-01	0,22
49	-2,22E-01	0,209
50	-2,40E-01	0,196
51	-2,67E-01	0,186
52	-2,90E-01	0,169
53	-3,06E-01	0,156
54	-3,05E-01	0,141
55	-3,00E-01	0,128
56	-2,81E-01	0,111
57	-2,52E-01	0,094
58	-2,23E-01	0,08
59	-1,83E-01	0,068
60	-1,46E-01	0,058
61	-1,07E-01	0,045
62	-7,62E-02	0,039
63	-4,81E-02	0,043
64	-2,49E-02	0,058
65	-1,30E-02	0,081
66	-4,89E-03	0,096
67	-1,51E-02	0,076
68	-3,92E-02	0,019
69	-7,41E-02	-0,066
70	-1,04E-01	-0,198
71	-1,26E-01	-0,38
72	-1,30E-01	-0,566
73	-1,25E-01	-0,748
74	-1,02E-01	-0,876
75	-4,80E-02	-0,966
76	3,39E-02	-0,998
77	1,36E-01	-0,999
78	2,56E-01	-1,004
79	3,78E-01	-0,963
80	4,89E-01	-0,931
81	5,82E-01	-0,873
82	6,67E-01	-0,836
83	7,47E-01	-0,785
84	7,93E-01	-0,728
85	8,11E-01	-0,67
86	7,83E-01	-0,603
87	7,46E-01	-0,55
88	6,74E-01	-0,485
89	5,86E-01	-0,435
90	4,89E-01	-0,371
91	3,91E-01	-0,312
92	3,12E-01	-0,253
93	2,35E-01	-0,201
94	1,80E-01	-0,16
95	1,20E-01	-0,122
96	7,29E-02	-0,085
97	2,51E-02	-0,046
98	-7,79E-04	-0,014
99	-1,09E-02	0,01
100	-1,30E-02	0,024
101	-1,21E-02	0,036
102	-9,22E-03	0,046
103	-9,10E-03	0,058
104	-6,89E-03	0,066
105	-9,00E-03	0,074
106	-1,49E-02	0,08
107	-3,51E-02	0,089
108	-5,72E-02	0,098
109	-8,61E-02	0,107
110	-1,22E-01	0,12
111	-1,53E-01	0,129
112	-1,84E-01	0,139
113	-2,02E-01	0,147
114	-2,23E-01	0,159
115	-2,30E-01	0,166
116	-2,33E-01	0,175
117	-2,30E-01	0,19
118	-2,14E-01	0,2
119	-1,97E-01	0,211
120	-1,72E-01	0,217
121	-1,50E-01	0,233
122	-1,26E-01	0,242
123	-1,08E-01	0,258
124	-1,01E-01	0,274
125	-9,90E-02	0,29
126	-1,14E-01	0,31
127	-1,38E-01	0,316
128	-1,77E-01	0,331
129	-2,16E-01	0,336
130	-2,64E-01	0,355
131	-3,09E-01	0,365
132	-3,49E-01	0,38
133	-3,88E-01	0,394
134	-4,16E-01	0,4
135	-4,40E-01	0,414
136	-4,42E-01	0,419
137	-4,41E-01	0,439
138	-4,15E-01	0,444
139	-3,81E-01	0,46
140	-3,41E-01	0,463
141	-3,02E-01	0,466
142	-2,70E-01	0,465
143	-2,39E-01	0,456
144	-2,28E-01	0,451
145	-2,12E-01	0,438
146	-2,07E-01	0,434
147	-2,06E-01	0,419
148	-2,15E-01	0,407
149	-2,34E-01	0,385
150	-2,50E-01	0,369
151	-2,72E-01	0,351
152	-2,90E-01	0,33
153	-3,04E-01	0,315
154	-3,07E-01	0,296
155	-3,01E-01	0,286
156	-2,85E-01	0,266
157	-2,58E-01	0,255
158	-2,20E-01	0,241
159	-1,82E-01	0,23
160	-1,46E-01	0,217
161	-1,09E-01	0,206
162	-7,42E-02	0,201
163	-4,01E-02	0,196
164	-1,59E-02	0,194
165	1,00E-03	0,188
166	-2,89E-03	0,184
167	-1,71E-02	0,181
168	-3,92E-02	0,181
169	-7,01E-02	0,184
170	-1,02E-01	0,182
171	-1,32E-01	0,184
172	-1,66E-01	0,181
173	-1,97E-01	0,18
174	-2,25E-01	0,179
175	-2,40E-01	0,179
176	-2,47E-01	0,185
177	-2,45E-01	0,184
178	-2,39E-01	0,188
179	-2,24E-01	0,186
180	-2,06E-01	0,189
181	-1,81E-01	0,189
182	-1,55E-01	0,19
183	-1,24E-01	0,191
184	-1,01E-01	0,193
185	-8,90E-02	0,198
186	-8,49E-02	0,195
187	-9,51E-02	0,198
188	-1,11E-01	0,203
189	-1,44E-01	0,212
190	-1,72E-01	0,223
191	-1,94E-01	0,23
192	-2,10E-01	0,242
193	-2,19E-01	0,247
194	-2,23E-01	0,263
195	-2,20E-01	0,269
196	-2,12E-01	0,279
197	-1,94E-01	0,278
198	-1,73E-01	0,282
199	-1,44E-01	0,287
200	-1,11E-01	0,289
201	-7,91E-02	0,296
202	-4,72E-02	0,294
203	-2,41E-02	0,299
204	-6,89E-03	0,295
205	-2,00E-03	0,3
206	-4,89E-03	0,3
207	-1,91E-02	0,304
208	-4,32E-02	0,309
209	-7,01E-02	0,311
210	-1,02E-01	0,311
211	-1,36E-01	0,302
212	-1,72E-01	0,304
213	-1,98E-01	0,297
214	-2,11E-01	0,302
215	-2,16E-01	0,299
216	-2,11E-01	0,3
217	-2,02E-01	0,302
218	-1,87E-01	0,301
219	-1,70E-01	0,305
220	-1,50E-01	0,297
221	-1,34E-01	0,3
222	-1,27E-01	0,294
223	-1,29E-01	0,292
224	-1,38E-01	0,291
225	-1,53E-01	0,289
226	-1,71E-01	0,286
227	-1,85E-01	0,279
228	-2,06E-01	0,28
229	-2,20E-01	0,276
230	-2,33E-01	0,278
231	-2,54E-01	0,27
232	-2,75E-01	0,266
233	-2,90E-01	0,263
234	-2,96E-01	0,264
235	-2,91E-01	0,263
236	-2,69E-01	0,258
237	-2,41E-01	0,258
238	-2,09E-01	0,256
239	-1,76E-01	0,259
240	-1,35E-01	0,255
241	-9,51E-02	0,25
242	-5,42E-02	0,249
243	-1,81E-02	0,245
244	3,11E-03	0,247
245	1,40E-02	0,242
246	1,51E-02	0,236
247	9,90E-03	0,23
248	-1,22E-02	0,226
249	-3,51E-02	0,224
250	-6,20E-02	0,22
251	-9,19E-02	0,219
252	-1,21E-01	0,211
253	-1,43E-01	0,211
254	-1,56E-01	0,205
255	-1,58E-01	0,201
256	-1,51E-01	0,195
257	-1,42E-01	0,186
258	-1,23E-01	0,18
259	-9,69E-02	0,171
260	-6,50E-02	0,168
261	-3,31E-02	0,158
262	-2,22E-03	0,149
263	2,29E-02	0,14
264	2,71E-02	0,129
265	2,40E-02	0,12
266	9,11E-03	0,11
267	-1,31E-02	0,101
268	-4,22E-02	0,09
269	-8,51E-02	0,084
270	-1,24E-01	0,076
271	-1,69E-01	0,075
272	-1,97E-01	0,072
273	-2,03E-01	0,071
274	-2,00E-01	0,07
275	-1,86E-01	0,066
276	-1,71E-01	0,064
277	-1,57E-01	0,058
278	-1,42E-01	0,054
279	-1,15E-01	0,049
280	-8,60E-02	0,048
281	-5,31E-02	0,043
282	-1,52E-02	0,037
283	2,19E-02	0,035
284	5,11E-02	0,034
285	6,70E-02	0,033
286	6,71E-02	0,03
287	5,59E-02	0,026
288	3,88E-02	0,022
289	2,09E-02	0,02
290	-4,00E-03	0,019
291	-2,39E-02	0,018
292	-3,98E-02	0,015
293	-5,19E-02	0,013
294	-6,11E-02	0,01
295	-6,30E-02	0,007
296	-4,71E-02	0,003
297	-2,29E-02	0,001
298	6,22E-03	-0,003
299	4,11E-02	-0,004
300	7,50E-02	-0,006
301	1,12E-01	-0,007
302	1,34E-01	-0,01
303	1,51E-01	-0,013
304	1,59E-01	-0,013
305	1,60E-01	-0,013
306	1,51E-01	-0,015
307	1,31E-01	-0,018
308	1,03E-01	-0,021
309	6,09E-02	-0,024
310	1,80E-02	-0,025
311	-2,79E-02	-0,031
312	-7,28E-02	-0,037
313	-1,07E-01	-0,04
314	-1,35E-01	-0,041
315	-1,50E-01	-0,041
316	-1,60E-01	-0,046
317	-1,47E-01	-0,054
318	-1,20E-01	-0,055
319	-8,09E-02	-0,06
320	-3,90E-02	-0,065
321	4,90E-03	-0,071
322	4,78E-02	-0,076
323	7,49E-02	-0,081
324	9,51E-02	-0,085
325	1,09E-01	-0,08
326	1,09E-01	-0,059
327	1,02E-01	-0,034
328	8,68E-02	-0,011
329	6,49E-02	-0,022
330	3,00E-02	-0,076
331	-9,90E-03	-0,151
332	-4,98E-02	-0,265
333	-6,59E-02	-0,425
334	-6,21E-02	-0,63
335	-3,50E-02	-0,846
336	4,89E-03	-1,002
337	7,91E-02	-1,147
338	1,80E-01	-1,198
339	3,02E-01	-1,226
340	4,50E-01	-1,219
341	5,86E-01	-1,2
342	7,19E-01	-1,17
343	8,09E-01	-1,103
344	9,07E-01	-1,061
345	9,73E-01	-0,995
346	1,02E+00	-0,959
347	1,02E+00	-0,885
348	9,79E-01	-0,82
349	9,32E-01	-0,744
350	8,55E-01	-0,672
351	7,94E-01	-0,615
352	7,02E-01	-0,536
353	6,20E-01	-0,471
354	5,31E-01	-0,391
355	4,44E-01	-0,336
356	3,68E-01	-0,285
357	2,86E-01	-0,249
358	2,21E-01	-0,206
359	1,46E-01	-0,159
360	9,90E-02	-0,116
361	6,69E-02	-0,08
362	4,98E-02	-0,054
363	3,99E-02	-0,033
364	2,41E-02	-0,01
365	6,00E-03	0,013
366	-1,39E-02	0,033
367	-3,81E-02	0,052
368	-6,62E-02	0,071
369	-9,71E-02	0,087
370	-1,30E-01	0,101
371	-1,60E-01	0,117
372	-1,85E-01	0,129
373	-2,05E-01	0,14
374	-2,16E-01	0,152
375	-2,25E-01	0,164
376	-2,29E-01	0,175
377	-2,22E-01	0,188
378	-2,08E-01	0,205
379	-1,85E-01	0,216
380	-1,59E-01	0,226
381	-1,37E-01	0,23
382	-1,15E-01	0,237
383	-1,00E-01	0,245
384	-9,09E-02	0,258
385	-8,90E-02	0,271
386	-9,29E-02	0,282
387	-1,10E-01	0,295
388	-1,41E-01	0,307
389	-1,79E-01	0,321
390	-2,17E-01	0,335
391	-2,56E-01	0,347
392	-2,90E-01	0,361
393	-3,17E-01	0,375
394	-3,40E-01	0,396
395	-3,56E-01	0,409
396	-3,65E-01	0,425
397	-3,71E-01	0,431
398	-3,75E-01	0,44
399	-3,72E-01	0,449
400	-3,55E-01	0,453
401	-3,43E-01	0,46
402	-3,24E-01	0,459
403	-3,17E-01	0,469
404	-3,08E-01	0,468
405	-3,12E-01	0,471
406	-3,25E-01	0,471
407	-3,38E-01	0,469
408	-3,57E-01	0,472
409	-3,74E-01	0,46
410	-4,00E-01	0,455
411	-4,20E-01	0,434
412	-4,38E-01	0,424
413	-4,46E-01	0,404
414	-4,51E-01	0,385
415	-4,50E-01	0,365
416	-4,29E-01	0,346
417	-4,02E-01	0,334
418	-3,58E-01	0,312
419	-3,09E-01	0,297
420	-2,58E-01	0,273
421	-2,14E-01	0,26
422	-1,71E-01	0,241
423	-1,29E-01	0,228
424	-1,03E-01	0,214
425	-8,20E-02	0,199
426	-7,69E-02	0,191
427	-7,91E-02	0,18
428	-9,22E-02	0,172
429	-1,07E-01	0,164
430	-1,24E-01	0,164
431	-1,44E-01	0,158
432	-1,65E-01	0,147
433	-1,87E-01	0,139
434	-2,06E-01	0,133
435	-2,17E-01	0,13
436	-2,15E-01	0,131
437	-2,06E-01	0,138
438	-1,92E-01	0,136
439	-1,71E-01	0,136
440	-1,51E-01	0,129
441	-1,28E-01	0,125
442	-1,07E-01	0,122
443	-8,91E-02	0,117
444	-8,99E-02	0,113
445	-9,60E-02	0,107
446	-1,16E-01	0,105
447	-1,40E-01	0,102
448	-1,76E-01	0,1
449	-2,16E-01	0,094
450	-2,56E-01	0,091
451	-2,89E-01	0,091
452	-3,09E-01	0,086
453	-3,18E-01	0,079
454	-3,12E-01	0,066
455	-3,03E-01	0,059
456	-2,90E-01	0,056
457	-2,71E-01	0,055
458	-2,38E-01	0,05
459	-1,92E-01	0,046
460	-1,46E-01	0,044
461	-9,91E-02	0,044
462	-6,32E-02	0,045
463	-3,81E-02	0,044
464	-1,49E-02	0,036
465	-1,00E-03	0,029
466	-4,89E-03	0,025
467	-1,31E-02	0,021
468	-3,02E-02	0,015
469	-5,01E-02	0,009
470	-7,20E-02	0,005
471	-9,69E-02	0,003
472	-1,19E-01	0,001
473	-1,45E-01	0,001
474	-1,56E-01	0,003
475	-1,60E-01	0,003
476	-1,56E-01	0
477	-1,47E-01	-0,007
478	-1,27E-01	-0,009
479	-9,29E-02	-0,009
480	-6,80E-02	-0,009
481	-3,81E-02	-0,009
482	-1,72E-02	-0,007
483	9,02E-04	0
484	1,01E-02	0,003
485	6,00E-03	0,005
486	-6,89E-03	0,001
487	-2,91E-02	-0,006
488	-6,22E-02	-0,01
489	-1,08E-01	-0,009
490	-1,50E-01	-0,001
491	-1,92E-01	0,003
492	-2,39E-01	0,011
493	-2,76E-01	0,01
494	-3,05E-01	0,011
495	-3,09E-01	0,014
496	-3,00E-01	0,016
497	-2,81E-01	0,015
498	-2,47E-01	0,013
499	-2,10E-01	0,015
500	-1,61E-01	0,014
501	-1,20E-01	0,009
502	-8,62E-02	0,007
503	-6,41E-02	0,005
504	-4,09E-02	0,001
505	-2,00E-02	-0,001
506	-1,09E-02	-0,004
507	-1,01E-02	-0,006
508	-1,72E-02	-0,007
509	-3,71E-02	-0,013
510	-6,10E-02	-0,016
511	-8,29E-02	-0,018
512	-1,07E-01	-0,02
513	-1,24E-01	-0,02
514	-1,30E-01	-0,021
515	-1,29E-01	-0,02
516	-1,17E-01	-0,021
517	-1,06E-01	-0,024
518	-9,58E-02	-0,026
519	-7,69E-02	-0,03
520	-4,50E-02	-0,031
521	-1,41E-02	-0,028
522	1,38E-02	-0,029
523	3,49E-02	-0,034
524	4,41E-02	-0,04
525	3,50E-02	-0,048
526	1,81E-02	-0,048
527	-1,11E-02	-0,045
528	-4,52E-02	-0,049
529	-7,81E-02	-0,058
530	-1,11E-01	-0,065
531	-1,47E-01	-0,069
532	-1,93E-01	-0,074
533	-2,31E-01	-0,076
534	-2,56E-01	-0,072
535	-2,80E-01	-0,051
536	-2,91E-01	-0,02
537	-2,93E-01	0,01
538	-2,85E-01	0,006
539	-2,73E-01	-0,045
540	-2,56E-01	-0,122
541	-2,24E-01	-0,225
542	-1,77E-01	-0,385
543	-1,24E-01	-0,583
544	-7,29E-02	-0,801
545	-3,50E-02	-0,971
546	8,11E-03	-1,121
547	6,29E-02	-1,198
548	1,27E-01	-1,23
549	2,17E-01	-1,236
550	3,07E-01	-1,199
551	4,07E-01	-1,156
552	4,80E-01	-1,083
553	5,59E-01	-1,032
554	6,21E-01	-0,959
555	6,61E-01	-0,894
556	7,02E-01	-0,812
557	7,13E-01	-0,729
558	7,38E-01	-0,659
559	7,38E-01	-0,584
560	7,36E-01	-0,525
561	7,08E-01	-0,454
562	6,78E-01	-0,398
563	6,41E-01	-0,333
564	5,89E-01	-0,281
565	5,39E-01	-0,236
566	4,69E-01	-0,196
567	4,00E-01	-0,152
568	3,17E-01	-0,104
569	2,40E-01	-0,064
570	1,61E-01	-0,033
571	7,61E-02	-0,013
572	-3,78E-03	0,003
573	-7,69E-02	0,014
574	-1,36E-01	0,025
575	-1,75E-01	0,035
576	-1,87E-01	0,044
577	-1,80E-01	0,05
578	-1,73E-01	0,061
579	-1,57E-01	0,072
580	-1,40E-01	0,086
581	-1,29E-01	0,098
582	-1,21E-01	0,106
583	-1,18E-01	0,119
584	-1,22E-01	0,13
585	-1,36E-01	0,139
586	-1,42E-01	0,145
587	-1,50E-01	0,158
588	-1,62E-01	0,17
589	-1,83E-01	0,185
590	-2,10E-01	0,196
591	-2,41E-01	0,21
592	-2,74E-01	0,225
593	-3,00E-01	0,241
594	-3,15E-01	0,261
595	-3,10E-01	0,278
596	-2,95E-01	0,301
597	-2,76E-01	0,32
598	-2,53E-01	0,339
599	-2,29E-01	0,352
600	-2,04E-01	0,37
601	-1,79E-01	0,391
602	-1,52E-01	0,409
603	-1,35E-01	0,434
604	-1,22E-01	0,45
605	-1,17E-01	0,466
606	-1,17E-01	0,469
607	-1,34E-01	0,475
608	-1,62E-01	0,485
609	-1,95E-01	0,494
610	-2,35E-01	0,506
611	-2,66E-01	0,509
612	-2,92E-01	0,52
613	-3,07E-01	0,52
614	-3,25E-01	0,522
615	-3,35E-01	0,521
616	-3,34E-01	0,511
617	-3,28E-01	0,512
618	-3,13E-01	0,501
619	-2,99E-01	0,496
620	-2,78E-01	0,482
621	-2,54E-01	0,471
622	-2,33E-01	0,459
623	-2,15E-01	0,444
624	-2,01E-01	0,431
625	-1,91E-01	0,417
626	-2,00E-01	0,411
627	-2,16E-01	0,399
628	-2,46E-01	0,398
629	-2,78E-01	0,388
630	-3,09E-01	0,386
631	-3,33E-01	0,38
632	-3,45E-01	0,378
633	-3,60E-01	0,379
634	-3,59E-01	0,369
635	-3,59E-01	0,369
636	-3,42E-01	0,362
637	-3,28E-01	0,374
638	-2,98E-01	0,374
639	-2,60E-01	0,374
640	-2,21E-01	0,37
641	-1,79E-01	0,36
642	-1,51E-01	0,36
643	-1,29E-01	0,355
644	-1,20E-01	0,364
645	-1,10E-01	0,357
646	-1,09E-01	0,364
647	-1,08E-01	0,359
648	-1,16E-01	0,36
649	-1,43E-01	0,357
650	-1,69E-01	0,355
651	-1,99E-01	0,355
652	-2,24E-01	0,345
653	-2,57E-01	0,343
654	-2,77E-01	0,335
655	-2,85E-01	0,341
656	-2,77E-01	0,339
657	-2,51E-01	0,335
658	-2,22E-01	0,335
659	-1,90E-01	0,334
660	-1,58E-01	0,338
661	-1,30E-01	0,333
662	-1,10E-01	0,341
663	-9,61E-02	0,341
664	-8,19E-02	0,344
665	-7,60E-02	0,336
666	-7,99E-02	0,33
667	-9,41E-02	0,325
668	-1,17E-01	0,316
669	-1,55E-01	0,31
670	-1,91E-01	0,3
671	-2,31E-01	0,295
672	-2,69E-01	0,285
673	-3,00E-01	0,278
674	-3,26E-01	0,265
675	-3,41E-01	0,256
676	-3,34E-01	0,246
677	-3,04E-01	0,234
678	-2,66E-01	0,226
679	-2,22E-01	0,22
680	-1,76E-01	0,215
681	-1,29E-01	0,205
682	-9,32E-02	0,195
683	-6,11E-02	0,189
684	-3,49E-02	0,182
685	-2,10E-02	0,176
686	-1,39E-02	0,165
687	-1,51E-02	0,16
688	-1,82E-02	0,154
689	-3,71E-02	0,146
690	-5,00E-02	0,136
691	-6,59E-02	0,126
692	-7,88E-02	0,121
693	-9,39E-02	0,111
694	-1,01E-01	0,106
695	-9,70E-02	0,095
696	-8,51E-02	0,085
697	-6,79E-02	0,08
698	-4,98E-02	0,077
699	-2,09E-02	0,079
700	1,00E-02	0,071
701	3,69E-02	0,066
702	5,88E-02	0,061
703	7,99E-02	0,058
704	9,51E-02	0,054
705	9,00E-02	0,056
706	7,51E-02	0,06
707	5,09E-02	0,062
708	1,58E-02	0,059
709	-2,51E-02	0,054
710	-6,90E-02	0,054
711	-9,89E-02	0,059
712	-1,30E-01	0,058
713	-1,52E-01	0,051
714	-1,67E-01	0,045
715	-1,85E-01	0,043
716	-2,01E-01	0,036
717	-2,05E-01	0,033
718	-1,89E-01	0,03
719	-1,71E-01	0,028
720	-1,52E-01	0,024
721	-1,34E-01	0,02
722	-1,05E-01	0,019
723	-6,81E-02	0,016
724	-3,39E-02	0,02
725	-5,00E-03	0,039
726	1,06E-04	0,062
727	-6,10E-03	0,071
728	-2,42E-02	0,045
729	-2,91E-02	-0,015
730	-2,90E-02	-0,101
731	-2,39E-02	-0,233
732	-1,38E-02	-0,43
733	-4,90E-03	-0,631
734	2,89E-03	-0,81
735	3,10E-02	-0,966
736	1,05E-01	-1,062
737	2,19E-01	-1,127
738	3,53E-01	-1,131
739	5,01E-01	-1,143
740	6,54E-01	-1,107
741	7,82E-01	-1,056
742	9,02E-01	-1,002
743	9,93E-01	-0,949
744	1,08E+00	-0,92
745	1,13E+00	-0,863
746	1,15E+00	-0,807
747	1,13E+00	-0,721
748	1,08E+00	-0,647
749	1,03E+00	-0,574
750	9,45E-01	-0,501
751	8,58E-01	-0,43
752	7,45E-01	-0,357
753	6,52E-01	-0,29
754	5,65E-01	-0,223
755	4,95E-01	-0,174
756	4,32E-01	-0,131
757	3,62E-01	-0,085
758	3,10E-01	-0,036
759	2,64E-01	0,006
760	2,33E-01	0,037
761	1,96E-01	0,05
762	1,59E-01	0,061
763	1,24E-01	0,072
764	7,61E-02	0,086
765	3,80E-02	0,1
766	5,11E-03	0,12
767	-3,01E-02	0,14
768	-6,32E-02	0,147
769	-9,51E-02	0,156
770	-1,25E-01	0,164
771	-1,53E-01	0,182
772	-1,75E-01	0,2
773	-1,87E-01	0,21
774	-1,95E-01	0,221
775	-1,90E-01	0,224
776	-1,72E-01	0,235
777	-1,52E-01	0,239
778	-1,29E-01	0,255
779	-1,01E-01	0,265
780	-6,50E-02	0,28
781	-2,31E-02	0,291
782	1,08E-02	0,302
783	3,49E-02	0,316
784	4,91E-02	0,324
785	6,50E-02	0,345
786	7,71E-02	0,357
787	7,19E-02	0,381
788	5,88E-02	0,395
789	2,79E-02	0,414
790	-9,00E-03	0,431
791	-5,09E-02	0,445
792	-8,38E-02	0,466
793	-1,10E-01	0,475
794	-1,30E-01	0,496
795	-1,40E-01	0,5
796	-1,45E-01	0,524
797	-1,36E-01	0,536
798	-1,24E-01	0,554
799	-1,08E-01	0,56
800	-9,00E-02	0,561
801	-7,11E-02	0,575
802	-5,02E-02	0,574
803	-3,61E-02	0,581
804	-3,39E-02	0,571
805	-4,70E-02	0,574
806	-6,49E-02	0,559
807	-7,91E-02	0,549
808	-1,04E-01	0,531
809	-1,44E-01	0,512
810	-1,99E-01	0,504
811	-2,41E-01	0,484
812	-2,66E-01	0,475
813	-2,81E-01	0,448
814	-2,86E-01	0,425
815	-2,80E-01	0,394
816	-2,60E-01	0,37
817	-2,26E-01	0,35
818	-1,83E-01	0,328
819	-1,42E-01	0,309
820	-9,60E-02	0,289
821	-4,61E-02	0,275
822	3,78E-03	0,26
823	3,99E-02	0,249
824	6,51E-02	0,241
825	7,80E-02	0,236
826	8,01E-02	0,235
827	7,49E-02	0,225
828	6,38E-02	0,217
829	4,89E-02	0,211
830	3,30E-02	0,209
831	1,31E-02	0,204
832	-8,78E-03	0,201
833	-1,59E-02	0,204
834	-2,41E-02	0,205
835	-2,00E-02	0,216
836	-6,11E-03	0,224
837	1,71E-02	0,235
838	4,72E-02	0,241
839	6,01E-02	0,251
840	8,90E-02	0,263
841	1,20E-01	0,271
842	1,50E-01	0,282
843	1,66E-01	0,287
844	1,72E-01	0,294
845	1,70E-01	0,29
846	1,45E-01	0,29
847	1,18E-01	0,285
848	8,28E-02	0,282
849	4,39E-02	0,279
850	8,13E-20	0,265
851	-3,79E-02	0,261
852	-8,08E-02	0,25
853	-1,26E-01	0,246
854	-1,61E-01	0,239
855	-1,87E-01	0,237
856	-1,95E-01	0,233
857	-1,83E-01	0,219
858	-1,57E-01	0,215
859	-1,15E-01	0,206
860	-7,20E-02	0,205
861	-3,01E-02	0,196
862	4,78E-03	0,191
863	3,59E-02	0,182
864	5,91E-02	0,177
865	7,80E-02	0,17
866	9,01E-02	0,163
867	9,49E-02	0,158
868	8,88E-02	0,152
869	7,09E-02	0,15
870	5,20E-02	0,144
871	3,31E-02	0,141
872	1,82E-02	0,134
873	4,10E-03	0,126
874	-4,11E-03	0,116
875	-8,00E-03	0,111
876	2,89E-03	0,115
877	1,91E-02	0,116
878	3,92E-02	0,119
879	6,01E-02	0,115
880	8,40E-02	0,11
881	1,11E-01	0,104
882	1,30E-01	0,099
883	1,51E-01	0,098
884	1,63E-01	0,099
885	1,68E-01	0,098
886	1,59E-01	0,086
887	1,33E-01	0,072
888	9,58E-02	0,064
889	5,19E-02	0,059
890	9,00E-03	0,059
891	-3,39E-02	0,059
892	-6,98E-02	0,056
893	-1,01E-01	0,051
894	-1,24E-01	0,045
895	-1,34E-01	0,039
896	-1,36E-01	0,035
897	-1,32E-01	0,03
898	-1,25E-01	0,026
899	-1,10E-01	0,024
900	-9,00E-02	0,021
901	-6,81E-02	0,021
902	-4,32E-02	0,019
903	-1,41E-02	0,018
904	1,11E-02	0,018
905	2,30E-02	0,013
906	2,01E-02	0,009
907	6,90E-03	0,004
908	-9,22E-03	0,005
909	-2,71E-02	0,005
910	-4,10E-02	0,001
911	-5,89E-02	0
912	-6,78E-02	0,001
913	-6,99E-02	0,003
914	-7,91E-02	0,005
915	-8,00E-02	0,004
916	-8,11E-02	0,005
917	-6,69E-02	0,005
918	-4,08E-02	0,005
919	-1,90E-03	0,006
920	4,50E-02	0,006
921	7,99E-02	0,005
922	1,10E-01	0
923	1,27E-01	-0,006
924	1,45E-01	-0,007
925	1,55E-01	-0,01
926	1,59E-01	-0,011
927	1,49E-01	-0,015
928	1,29E-01	-0,018
929	9,59E-02	-0,019
930	4,60E-02	-0,02
931	-2,90E-03	-0,02
932	-4,98E-02	-0,024
933	-8,59E-02	-0,026
934	-1,16E-01	-0,03
935	-1,37E-01	-0,035
936	-1,45E-01	-0,035
937	-1,42E-01	-0,037
938	-1,29E-01	-0,04
939	-1,15E-01	-0,046
940	-1,02E-01	-0,051
941	-9,31E-02	-0,059
942	-7,92E-02	-0,068
943	-6,41E-02	-0,075
944	-6,39E-02	-0,083
945	-7,10E-02	-0,081
946	-8,49E-02	-0,075
947	-9,61E-02	-0,054
948	-1,01E-01	-0,019
949	-1,09E-01	0,01
950	-1,28E-01	0,005
951	-1,59E-01	-0,05
952	-1,83E-01	-0,14
953	-1,96E-01	-0,265
954	-1,81E-01	-0,439
955	-1,52E-01	-0,664
956	-1,15E-01	-0,875
957	-6,59E-02	-1,06
958	1,52E-02	-1,196
959	1,21E-01	-1,26
960	2,49E-01	-1,294
961	3,91E-01	-1,285
962	5,43E-01	-1,279
963	6,87E-01	-1,221
964	8,08E-01	-1,177
965	9,19E-01	-1,121
966	9,85E-01	-1,066
967	1,03E+00	-1,008
968	1,02E+00	-0,926
969	9,91E-01	-0,851
970	9,48E-01	-0,756
971	8,85E-01	-0,68
972	8,11E-01	-0,598
973	7,24E-01	-0,522
974	6,53E-01	-0,446
975	5,70E-01	-0,37
976	5,04E-01	-0,307
977	4,30E-01	-0,255
978	3,61E-01	-0,211
979	2,87E-01	-0,168
980	2,20E-01	-0,125
981	1,70E-01	-0,087
982	1,28E-01	-0,062
983	8,19E-02	-0,048
984	3,11E-02	-0,037
985	-3,00E-02	-0,033
986	-7,89E-02	-0,03
987	-1,20E-01	-0,029
988	-1,77E-01	-0,028
989	-2,42E-01	-0,028
990	-3,09E-01	-0,026
991	-3,64E-01	-0,024
992	-4,09E-01	-0,019
993	-4,31E-01	-0,014
994	-4,38E-01	-0,011
995	-4,31E-01	-0,003
996	-4,23E-01	0,009
997	-4,02E-01	0,024
998	-3,71E-01	0,034
999	-3,43E-01	0,04
1000	-3,07E-01	0,045
1001	-2,80E-01	0,059
1002	-2,41E-01	0,072
1003	-2,16E-01	0,083
1004	-1,95E-01	0,09
1005	-1,81E-01	0,099
1006	-1,80E-01	0,114
1007	-1,84E-01	0,125
1008	-2,05E-01	0,139
1009	-2,24E-01	0,147
1010	-2,46E-01	0,155
1011	-2,60E-01	0,161
1012	-2,79E-01	0,171
1013	-2,97E-01	0,179
1014	-3,11E-01	0,189
1015	-3,19E-01	0,198
1016	-3,07E-01	0,205
1017	-2,91E-01	0,215
1018	-2,60E-01	0,215
1019	-2,29E-01	0,22
1020	-1,95E-01	0,225
1021	-1,72E-01	0,237
1022	-1,57E-01	0,245
1023	-1,50E-01	0,254
1024	-1,46E-01	0,261
1025	-1,40E-01	0,269
1026	-1,45E-01	0,28
1027	-1,58E-01	0,286
1028	-1,87E-01	0,294
1029	-2,30E-01	0,292
1030	-2,82E-01	0,294
1031	-3,36E-01	0,287
1032	-3,85E-01	0,282
1033	-4,33E-01	0,276
1034	-4,71E-01	0,266
1035	-5,00E-01	0,264
1036	-5,04E-01	0,255
1037	-4,98E-01	0,247
1038	-4,81E-01	0,231
1039	-4,45E-01	0,217
1040	-4,01E-01	0,201
1041	-3,52E-01	0,188
1042	-3,08E-01	0,176
1043	-2,65E-01	0,166
1044	-2,38E-01	0,158
1045	-2,20E-01	0,146
1046	-2,11E-01	0,14
1047	-2,11E-01	0,131
1048	-2,22E-01	0,122
1049	-2,35E-01	0,116
1050	-2,46E-01	0,113
1051	-2,64E-01	0,109
1052	-2,76E-01	0,101
1053	-2,86E-01	0,099
1054	-2,80E-01	0,099
1055	-2,77E-01	0,099
1056	-2,60E-01	0,098
1057	-2,33E-01	0,094
1058	-2,06E-01	0,095
1059	-1,75E-01	0,09
1060	-1,41E-01	0,087
1061	-1,05E-01	0,084
1062	-7,22E-02	0,086
1063	-5,21E-02	0,087
1064	-3,99E-02	0,085
1065	-3,50E-02	0,085
1066	-3,39E-02	0,083
1067	-4,81E-02	0,084
1068	-7,12E-02	0,084
1069	-1,00E-01	0,085
1070	-1,34E-01	0,086
1071	-1,72E-01	0,089
1072	-2,08E-01	0,092
1073	-2,31E-01	0,096
1074	-2,50E-01	0,101
1075	-2,60E-01	0,099
1076	-2,63E-01	0,098
1077	-2,55E-01	0,096
1078	-2,55E-01	0,102
1079	-2,46E-01	0,109
1080	-2,35E-01	0,12
1081	-2,27E-01	0,128
1082	-2,09E-01	0,129
1083	-1,95E-01	0,131
1084	-1,80E-01	0,13
1085	-1,82E-01	0,131
1086	-1,84E-01	0,129
1087	-1,99E-01	0,133
1088	-2,22E-01	0,135
1089	-2,51E-01	0,136
1090	-2,85E-01	0,135
1091	-3,10E-01	0,135
1092	-3,35E-01	0,135
1093	-3,47E-01	0,134
1094	-3,55E-01	0,136
1095	-3,51E-01	0,134
1096	-3,36E-01	0,133
1097	-3,16E-01	0,131
1098	-2,79E-01	0,133
1099	-2,35E-01	0,131
1100	-1,86E-01	0,13
1101	-1,44E-01	0,133
1102	-1,05E-01	0,134
1103	-7,91E-02	0,136
1104	-6,49E-02	0,135
1105	-6,30E-02	0,135
1106	-6,59E-02	0,136
1107	-8,41E-02	0,138
1108	-1,13E-01	0,136
1109	-1,44E-01	0,136
1110	-1,71E-01	0,135
1111	-1,97E-01	0,131
1112	-2,19E-01	0,131
1113	-2,40E-01	0,133
1114	-2,55E-01	0,131
1115	-2,63E-01	0,128
1116	-2,58E-01	0,12
1117	-2,50E-01	0,114
1118	-2,31E-01	0,109
1119	-2,08E-01	0,106
1120	-1,82E-01	0,104
1121	-1,59E-01	0,105
1122	-1,40E-01	0,114
1123	-1,24E-01	0,135
1124	-1,19E-01	0,164
1125	-1,23E-01	0,185
1126	-1,44E-01	0,172
1127	-1,72E-01	0,117
1128	-1,97E-01	0,033
1129	-2,08E-01	-0,092
1130	-2,14E-01	-0,28
1131	-2,08E-01	-0,496
1132	-2,04E-01	-0,685
1133	-1,86E-01	-0,856
1134	-1,41E-01	-0,958
1135	-6,00E-02	-1,016
1136	4,89E-02	-1,016
1137	1,84E-01	-1,014
1138	3,27E-01	-0,975
1139	4,46E-01	-0,921
1140	5,69E-01	-0,864
1141	6,65E-01	-0,805
1142	7,70E-01	-0,766
1143	8,27E-01	-0,694
1144	8,66E-01	-0,626
1145	8,69E-01	-0,535
1146	8,40E-01	-0,451
1147	8,02E-01	-0,369
1148	7,23E-01	-0,294
1149	6,46E-01	-0,221
1150	5,41E-01	-0,145
1151	4,45E-01	-0,075
1152	3,46E-01	-0,014
1153	2,52E-01	0,036
1154	1,70E-01	0,083
1155	8,60E-02	0,133
1156	2,49E-02	0,18
1157	-2,09E-02	0,224
1158	-4,98E-02	0,258
1159	-7,49E-02	0,279
1160	-9,80E-02	0,302
1161	-1,07E-01	0,316
1162	-1,13E-01	0,338
1163	-1,13E-01	0,347
1164	-1,15E-01	0,364
1165	-1,26E-01	0,376
1166	-1,45E-01	0,389
1167	-1,75E-01	0,405
1168	-2,15E-01	0,414
1169	-2,63E-01	0,436
1170	-3,07E-01	0,445
1171	-3,60E-01	0,47
1172	-4,08E-01	0,485
1173	-4,35E-01	0,509
1174	-4,47E-01	0,529
1175	-4,40E-01	0,546
1176	-4,29E-01	0,571
1177	-4,09E-01	0,584
1178	-3,89E-01	0,611
1179	-3,67E-01	0,63
1180	-3,40E-01	0,659
1181	-3,12E-01	0,675
1182	-2,84E-01	0,693
1183	-2,60E-01	0,716
1184	-2,41E-01	0,733
1185	-2,39E-01	0,761
1186	-2,45E-01	0,78
1187	-2,62E-01	0,814
1188	-2,85E-01	0,838
1189	-3,12E-01	0,859
1190	-3,39E-01	0,877
1191	-3,61E-01	0,9
1192	-3,90E-01	0,927
1193	-4,12E-01	0,946
1194	-4,33E-01	0,974
1195	-4,44E-01	0,988
1196	-4,47E-01	1,005
1197	-4,42E-01	1,018
1198	-4,29E-01	1,025
1199	-4,11E-01	1,036
1200	-3,84E-01	1,041
1201	-3,65E-01	1,056
1202	-3,46E-01	1,055
1203	-3,29E-01	1,067
1204	-3,14E-01	1,066
1205	-3,10E-01	1,065
1206	-3,16E-01	1,061
1207	-3,23E-01	1,051
1208	-3,41E-01	1,054
1209	-3,64E-01	1,032
1210	-4,01E-01	1,029
1211	-4,34E-01	1,004
1212	-4,71E-01	0,995
1213	-5,01E-01	0,978
1214	-5,14E-01	0,965
1215	-5,26E-01	0,965
1216	-5,20E-01	0,948
1217	-5,15E-01	0,951
1218	-4,90E-01	0,932
1219	-4,58E-01	0,941
1220	-4,12E-01	0,929
1221	-3,68E-01	0,932
1222	-3,25E-01	0,932
1223	-2,85E-01	0,929
1224	-2,67E-01	0,935
1225	-2,56E-01	0,924
1226	-2,52E-01	0,94
1227	-2,39E-01	0,932
1228	-2,33E-01	0,955
1229	-2,39E-01	0,951
1230	-2,55E-01	0,965
1231	-2,82E-01	0,97
1232	-3,03E-01	0,975
1233	-3,22E-01	0,991
1234	-3,24E-01	0,985
1235	-3,20E-01	1
1236	-2,99E-01	0,991
1237	-2,74E-01	1,014
1238	-2,43E-01	1,015
1239	-2,13E-01	1,024
1240	-1,84E-01	1,025
1241	-1,54E-01	1,022
1242	-1,30E-01	1,038
1243	-1,12E-01	1,032
1244	-9,99E-02	1,051
1245	-9,30E-02	1,046
1246	-9,39E-02	1,066
1247	-1,05E-01	1,07
1248	-1,27E-01	1,083
1249	-1,60E-01	1,091
1250	-1,98E-01	1,096
1251	-2,40E-01	1,113
1252	-2,74E-01	1,114
1253	-3,04E-01	1,134
1254	-3,25E-01	1,133
1255	-3,39E-01	1,144
1256	-3,41E-01	1,14
1257	-3,37E-01	1,139
1258	-3,29E-01	1,14
1259	-3,12E-01	1,134
1260	-2,95E-01	1,137
1261	-2,75E-01	1,124
1262	-2,56E-01	1,125
1263	-2,35E-01	1,113
1264	-2,23E-01	1,105
1265	-2,11E-01	1,099
1266	-2,09E-01	1,09
1267	-2,23E-01	1,089
1268	-2,43E-01	1,077
1269	-2,74E-01	1,07
1270	-3,05E-01	1,05
1271	-3,32E-01	1,034
1272	-3,51E-01	1,021
1273	-3,56E-01	1,01
1274	-3,53E-01	1,005
1275	-3,33E-01	0,99
1276	-3,14E-01	0,989
1277	-2,92E-01	0,969
1278	-2,66E-01	0,963
1279	-2,36E-01	0,948
1280	-1,99E-01	0,93
1281	-1,60E-01	0,92
1282	-1,21E-01	0,906
1283	-8,91E-02	0,904
1284	-6,89E-02	0,876
1285	-6,40E-02	0,87
1286	-6,59E-02	0,856
1287	-9,01E-02	0,865
1288	-1,17E-01	0,866
1289	-1,43E-01	0,88
1290	-1,68E-01	0,897
1291	-1,94E-01	0,865
1292	-2,30E-01	0,814
1293	-2,61E-01	0,706
1294	-2,88E-01	0,564
1295	-2,88E-01	0,341
1296	-2,64E-01	0,07
1297	-2,25E-01	-0,18
1298	-1,64E-01	-0,409
1299	-8,09E-02	-0,571
1300	2,60E-02	-0,65
1301	1,52E-01	-0,703
1302	2,79E-01	-0,698
1303	4,00E-01	-0,675
1304	4,88E-01	-0,608
1305	5,44E-01	-0,555
1306	5,92E-01	-0,51
1307	6,25E-01	-0,466
1308	6,53E-01	-0,414
1309	6,40E-01	-0,334
1310	6,24E-01	-0,259
1311	5,89E-01	-0,176
1312	5,41E-01	-0,104
1313	4,83E-01	-0,029
1314	4,06E-01	0,044
1315	3,53E-01	0,113
1316	2,95E-01	0,177
1317	2,64E-01	0,23
1318	2,25E-01	0,269
1319	1,99E-01	0,304
1320	1,74E-01	0,33
1321	1,56E-01	0,362
1322	1,43E-01	0,386
1323	1,26E-01	0,404
1324	1,13E-01	0,411
1325	8,60E-02	0,414
1326	5,41E-02	0,419
1327	1,19E-02	0,415
1328	-2,72E-02	0,421
1329	-6,51E-02	0,419
1330	-1,01E-01	0,42
1331	-1,32E-01	0,414
1332	-1,60E-01	0,41
1333	-1,91E-01	0,41
1334	-2,17E-01	0,407
1335	-2,36E-01	0,407
1336	-2,42E-01	0,403
1337	-2,37E-01	0,407
1338	-2,24E-01	0,405
1339	-2,10E-01	0,404
1340	-1,91E-01	0,406
1341	-1,64E-01	0,407
1342	-1,44E-01	0,415
1343	-1,25E-01	0,412
1344	-1,21E-01	0,414
1345	-1,25E-01	0,407
1346	-1,45E-01	0,41
1347	-1,77E-01	0,416
1348	-2,14E-01	0,421
1349	-2,60E-01	0,432
1350	-3,06E-01	0,436
1351	-3,55E-01	0,446
1352	-3,90E-01	0,448
1353	-4,06E-01	0,456
1354	-4,18E-01	0,46
1355	-4,24E-01	0,465
1356	-4,28E-01	0,471
1357	-4,19E-01	0,47
1358	-4,13E-01	0,479
1359	-3,87E-01	0,474
1360	-3,57E-01	0,479
1361	-3,16E-01	0,47
1362	-2,81E-01	0,472
1363	-2,53E-01	0,46
1364	-2,30E-01	0,446
1365	-2,28E-01	0,434
1366	-2,29E-01	0,41
1367	-2,44E-01	0,396
1368	-2,56E-01	0,367
1369	-2,83E-01	0,349
1370	-3,09E-01	0,321
1371	-3,36E-01	0,302
1372	-3,61E-01	0,279
1373	-3,70E-01	0,245
1374	-3,74E-01	0,219
1375	-3,64E-01	0,184
1376	-3,49E-01	0,159
1377	-3,23E-01	0,13
1378	-2,94E-01	0,104
1379	-2,51E-01	0,077
1380	-2,04E-01	0,054
1381	-1,62E-01	0,037
1382	-1,22E-01	0,018
1383	-9,51E-02	-0,001
1384	-7,49E-02	-0,019
1385	-6,90E-02	-0,036
1386	-6,29E-02	-0,05
1387	-7,01E-02	-0,066
1388	-9,02E-02	-0,079
1389	-1,13E-01	-0,092
1390	-1,39E-01	-0,102
1391	-1,69E-01	-0,116
1392	-2,04E-01	-0,131
1393	-2,37E-01	-0,142
1394	-2,61E-01	-0,156
1395	-2,76E-01	-0,163
1396	-2,75E-01	-0,171
1397	-2,58E-01	-0,177
1398	-2,25E-01	-0,185
1399	-1,85E-01	-0,195
1400	-1,38E-01	-0,2
1401	-9,71E-02	-0,209
1402	-6,22E-02	-0,216
1403	-3,91E-02	-0,225
1404	-2,19E-02	-0,226
1405	-1,00E-02	-0,233
1406	-5,89E-03	-0,239
1407	-1,71E-02	-0,244
1408	-3,52E-02	-0,249
1409	-5,41E-02	-0,25
1410	-7,50E-02	-0,256
1411	-9,89E-02	-0,26
1412	-1,21E-01	-0,263
1413	-1,39E-01	-0,264
1414	-1,55E-01	-0,265
1415	-1,61E-01	-0,271
1416	-1,56E-01	-0,273
1417	-1,42E-01	-0,276
1418	-1,20E-01	-0,276
1419	-9,09E-02	-0,281
1420	-5,50E-02	-0,28
1421	-3,11E-02	-0,276
1422	-7,22E-03	-0,274
1423	1,19E-02	-0,27
1424	2,31E-02	-0,265
1425	2,00E-02	-0,259
1426	8,11E-03	-0,258
1427	-1,51E-02	-0,255
1428	-4,22E-02	-0,255
1429	-6,91E-02	-0,254
1430	-9,80E-02	-0,254
1431	-1,29E-01	-0,255
1432	-1,59E-01	-0,259
1433	-1,92E-01	-0,266
1434	-2,17E-01	-0,271
1435	-2,38E-01	-0,282
1436	-2,41E-01	-0,285
1437	-2,44E-01	-0,295
1438	-2,33E-01	-0,305
1439	-2,15E-01	-0,32
1440	-2,00E-01	-0,335
1441	-1,79E-01	-0,344
1442	-1,53E-01	-0,364
1443	-1,17E-01	-0,374
1444	-8,99E-02	-0,4
1445	-7,40E-02	-0,412
1446	-6,99E-02	-0,439
1447	-8,31E-02	-0,455
1448	-1,02E-01	-0,471
1449	-1,28E-01	-0,491
1450	-1,44E-01	-0,501
1451	-1,61E-01	-0,524
1452	-1,68E-01	-0,531
1453	-1,70E-01	-0,552
1454	-1,65E-01	-0,557
1455	-1,59E-01	-0,576
1456	-1,49E-01	-0,586
1457	-1,27E-01	-0,594
1458	-9,58E-02	-0,606
1459	-6,39E-02	-0,608
1460	-2,40E-02	-0,627
1461	1,69E-02	-0,629
1462	4,58E-02	-0,646
1463	6,29E-02	-0,649
1464	7,11E-02	-0,66
1465	7,50E-02	-0,665
1466	6,71E-02	-0,672
1467	5,29E-02	-0,686
1468	2,98E-02	-0,685
1469	9,02E-04	-0,704
1470	-3,10E-02	-0,708
1471	-5,99E-02	-0,725
1472	-8,68E-02	-0,726
1473	-1,11E-01	-0,731
1474	-1,26E-01	-0,741
1475	-1,36E-01	-0,741
1476	-1,34E-01	-0,752
1477	-1,26E-01	-0,752
1478	-1,13E-01	-0,766
1479	-9,99E-02	-0,765
1480	-8,10E-02	-0,772
1481	-4,61E-02	-0,792
1482	-1,52E-02	-0,81
1483	4,90E-03	-0,831
1484	1,11E-02	-0,838
1485	1,10E-02	-0,853
1486	9,11E-03	-0,849
1487	4,90E-03	-0,855
1488	-1,22E-03	-0,859
1489	-1,81E-02	-0,866
1490	-7,50E-02	-0,886
1491	-1,78E-01	-0,891
1492	-2,13E-01	-0,882
1493	-9,59E-02	-0,854
1494	1,99E-02	-0,86
1495	3,00E-02	-0,865
1496	-1,21E-02	-0,876
1497	-1,29E-02	-0,916
1498	1,32E-02	-0,971
1499	6,81E-02	-1,018
1500	1,33E-01	-1,012
1501	1,92E-01	-1,035
1502	2,23E-01	-1,049
1503	2,23E-01	-1,1
1504	2,08E-01	-1,124
1505	1,83E-01	-1,139
1506	1,54E-01	-1,15
1507	1,20E-01	-1,154
1508	7,88E-02	-1,175
1509	5,89E-02	-1,163
1510	1,17E-01	-1,192
1511	1,94E-01	-1,186
1512	1,71E-01	-1,211
1513	6,31E-02	-1,228
1514	-1,41E-02	-1,261
1515	1,50E-02	-1,288
1516	7,99E-02	-1,275
1517	1,44E-01	-1,295
1518	1,76E-01	-1,26
1519	1,74E-01	-1,27
1520	1,61E-01	-1,281
1521	1,22E-01	-1,371
1522	7,98E-02	-1,441
1523	4,99E-02	-1,512
1524	7,11E-02	-1,631
1525	1,26E-01	-1,754
1526	1,54E-01	-1,926
1527	1,47E-01	-2,005
1528	1,65E-01	-2,12
1529	1,97E-01	-2,145
1530	2,17E-01	-2,181
1531	2,59E-01	-2,19
1532	3,56E-01	-2,184
1533	4,79E-01	-2,212
1534	5,56E-01	-2,183
1535	6,15E-01	-2,214
1536	6,76E-01	-2,185
1537	7,68E-01	-2,219
1538	8,40E-01	-2,204
1539	8,61E-01	-2,209
1540	8,87E-01	-2,185
1541	8,80E-01	-2,154
1542	9,00E-01	-2,172
1543	9,30E-01	-2,152
1544	9,25E-01	-2,175
1545	8,44E-01	-2,136
1546	7,70E-01	-2,134
1547	7,36E-01	-2,1
1548	6,64E-01	-2,105
1549	5,73E-01	-2,136
1550	4,59E-01	-2,141
1551	3,73E-01	-2,17
1552	3,15E-01	-2,154
1553	2,79E-01	-2,178
1554	2,39E-01	-2,165
1555	1,85E-01	-2,169
1556	1,41E-01	-2,165
1557	9,31E-02	-2,15
1558	6,02E-02	-2,171
1559	4,51E-02	-2,176
1560	8,40E-02	-2,212
1561	1,33E-01	-2,199
1562	1,92E-01	-2,201
1563	2,28E-01	-2,185
1564	2,04E-01	-2,171
1565	1,66E-01	-2,179
1566	1,28E-01	-2,172
1567	8,49E-02	-2,205
1568	5,28E-02	-2,185
1569	2,79E-02	-2,205
1570	9,00E-03	-2,19
1571	-3,79E-02	-2,19
1572	-9,58E-02	-2,19
1573	-1,60E-01	-2,172
1574	-2,02E-01	-2,194
1575	-2,09E-01	-2,169
1576	-2,08E-01	-2,205
1577	-2,19E-01	-2,184
1578	-2,22E-01	-2,196
1579	-1,89E-01	-2,175
1580	-1,61E-01	-2,167
1581	-1,48E-01	-2,171
1582	-1,10E-01	-2,141
1583	-7,41E-02	-2,165
1584	-4,29E-02	-2,136
1585	-2,20E-02	-2,17
1586	-1,89E-02	-2,144
1587	-5,21E-02	-2,161
1588	-8,32E-02	-2,146
1589	-9,91E-02	-2,136
1590	-1,22E-01	-2,141
1591	-1,48E-01	-2,106
1592	-1,83E-01	-2,13
1593	-2,26E-01	-2,078
1594	-2,50E-01	-2,104
1595	-2,14E-01	-2,07
1596	-1,31E-01	-2,094
1597	-5,59E-02	-2,085
1598	-5,38E-02	-2,069
1599	-1,25E-01	-2,07
1600	-2,01E-01	-2,029
1601	-2,03E-01	-2,065
1602	-9,72E-02	-2,041
1603	2,99E-02	-2,087
1604	8,41E-02	-2,074
1605	7,40E-02	-2,08
1606	5,81E-02	-2,055
1607	3,29E-02	-2,02
1608	-2,21E-04	-2,034
1609	-1,51E-02	-2,006
1610	-3,70E-02	-2,041
1611	-7,09E-02	-2,025
1612	-9,28E-02	-2,053
1613	-1,03E-01	-2,029
1614	-9,51E-02	-2,03
1615	-7,90E-02	-2,024
1616	-7,31E-02	-1,999
1617	-6,09E-02	-2,016
1618	-3,48E-02	-2,005
1619	3,10E-03	-2,02
1620	4,40E-02	-1,98
1621	7,69E-02	-1,985
1622	1,08E-01	-1,962
1623	1,39E-01	-1,962
1624	1,54E-01	-1,974
1625	1,36E-01	-1,95
1626	1,39E-01	-1,945
1627	1,86E-01	-1,907
1628	2,13E-01	-1,924
1629	2,08E-01	-1,925
1630	1,93E-01	-1,917
1631	1,74E-01	-1,889
1632	1,16E-01	-1,854
1633	4,71E-02	-1,856
1634	1,89E-02	-1,84
1635	5,50E-02	-1,849
1636	1,19E-01	-1,82
1637	1,72E-01	-1,811
1638	2,23E-01	-1,785
1639	2,79E-01	-1,751
1640	3,55E-01	-1,756
1641	4,11E-01	-1,751
1642	4,35E-01	-1,755
1643	4,14E-01	-1,719
1644	4,13E-01	-1,712
1645	4,28E-01	-1,675
1646	3,76E-01	-1,653
1647	3,54E-01	-1,643
1648	4,14E-01	-1,627
1649	5,00E-01	-1,629
1650	4,82E-01	-1,586
1651	3,99E-01	-1,6
1652	3,02E-01	-1,57
1653	1,92E-01	-1,562
1654	1,17E-01	-1,54
1655	1,20E-01	-1,539
1656	2,06E-01	-1,544
1657	2,69E-01	-1,516
1658	2,85E-01	-1,53
1659	2,71E-01	-1,496
1660	2,91E-01	-1,475
1661	3,43E-01	-1,397
1662	3,77E-01	-1,386
1663	3,88E-01	-1,401
1664	3,53E-01	-1,448
1665	2,99E-01	-1,494
1666	2,49E-01	-1,466
1667	2,25E-01	-1,421
1668	2,30E-01	-1,329
1669	2,43E-01	-1,324
1670	2,19E-01	-1,312
1671	1,70E-01	-1,353
1672	1,56E-01	-1,384
1673	1,34E-01	-1,415
1674	1,29E-01	-1,41
1675	1,47E-01	-1,335
1676	1,38E-01	-1,299
1677	1,08E-01	-1,25
1678	1,58E-01	-1,271
1679	2,75E-01	-1,251
1680	3,83E-01	-1,242
1681	4,11E-01	-1,236
1682	3,71E-01	-1,236
1683	3,61E-01	-1,24
1684	3,44E-01	-1,201
1685	3,19E-01	-1,209
1686	3,00E-01	-1,206
1687	2,76E-01	-1,251
1688	2,40E-01	-1,272
1689	1,97E-01	-1,272
1690	1,76E-01	-1,202
1691	1,67E-01	-1,09
1692	1,61E-01	-1,052
1693	1,30E-01	-1,071
1694	1,03E-01	-1,1
1695	1,01E-01	-1,061
1696	1,21E-01	-1,045
1697	1,60E-01	-1,04
1698	1,85E-01	-1,051
1699	2,27E-01	-1,06
1700	2,81E-01	-1,049
1701	3,16E-01	-1,039
1702	3,19E-01	-1,008
1703	3,09E-01	-0,995
1704	2,88E-01	-0,968
1705	2,70E-01	-0,954
1706	2,61E-01	-0,934
1707	2,11E-01	-0,91
1708	1,50E-01	-0,912
1709	1,06E-01	-0,901
1710	9,90E-02	-0,905
1711	1,07E-01	-0,879
1712	6,12E-02	-0,85
1713	-3,49E-02	-0,831
1714	-8,91E-02	-0,83
1715	-3,50E-02	-0,843
1716	3,29E-02	-0,818
1717	5,01E-02	-0,781
1718	3,12E-02	-0,733
1719	5,21E-02	-0,719
1720	1,17E-01	-0,705
1721	1,71E-01	-0,716
1722	2,06E-01	-0,749
1723	2,21E-01	-0,797
1724	2,49E-01	-0,885
1725	2,86E-01	-0,988
1726	3,21E-01	-1,141
1727	3,20E-01	-1,238
1728	3,00E-01	-1,312
1729	3,26E-01	-1,343
1730	3,95E-01	-1,375
1731	4,95E-01	-1,403
1732	5,65E-01	-1,389
1733	6,38E-01	-1,377
1734	6,75E-01	-1,305
1735	7,46E-01	-1,285
1736	8,68E-01	-1,231
1737	9,92E-01	-1,185
1738	1,02E+00	-1,111
1739	9,55E-01	-1,05
1740	9,68E-01	-1,016
1741	1,04E+00	-0,956
1742	1,08E+00	-0,911
1743	1,02E+00	-0,81
1744	9,56E-01	-0,733
1745	9,05E-01	-0,662
1746	8,34E-01	-0,631
1747	7,72E-01	-0,589
1748	6,59E-01	-0,544
1749	5,22E-01	-0,491
1750	3,67E-01	-0,419
1751	2,73E-01	-0,369
1752	2,14E-01	-0,328
1753	1,53E-01	-0,295
1754	7,39E-02	-0,24
1755	-3,60E-02	-0,194
1756	-1,08E-01	-0,181
1757	-1,01E-01	-0,189
1758	-6,58E-02	-0,186
1759	-6,09E-02	-0,151
1760	-6,20E-02	-0,114
1761	-4,11E-02	-0,091
1762	-1,22E-02	-0,09
1763	3,90E-03	-0,08
1764	5,11E-03	-0,045
1765	1,30E-02	-0,004
1766	1,81E-02	0,024
1767	1,29E-02	0,026
1768	-5,22E-03	0,018
1769	-3,41E-02	0,036
1770	-6,20E-02	0,099
1771	-8,49E-02	0,158
1772	-1,10E-01	0,177
1773	-1,33E-01	0,171
1774	-1,40E-01	0,175
1775	-1,28E-01	0,201
1776	-1,08E-01	0,235
1777	-8,39E-02	0,251
1778	-5,18E-02	0,268
1779	-1,29E-02	0,284
1780	7,00E-03	0,309
1781	2,19E-02	0,34
1782	3,78E-02	0,362
1783	5,49E-02	0,38
1784	4,51E-02	0,396
1785	1,90E-02	0,414
1786	1,01E-02	0,419
1787	4,90E-03	0,438
1788	-7,22E-03	0,47
1789	-4,11E-02	0,489
1790	-1,16E-01	0,516
1791	-2,13E-01	0,536
1792	-2,68E-01	0,559
1793	-2,41E-01	0,571
1794	-1,82E-01	0,606
1795	-1,61E-01	0,627
1796	-2,00E-01	0,645
1797	-2,44E-01	0,682
1798	-2,43E-01	0,694
1799	-2,15E-01	0,696
1800	-1,85E-01	0,693
1801	-1,63E-01	0,728
1802	-1,46E-01	0,733
1803	-1,70E-01	0,729
1804	-2,16E-01	0,708
1805	-2,29E-01	0,693
1806	-1,81E-01	0,688
1807	-1,23E-01	0,669
1808	-1,26E-01	0,676
1809	-1,45E-01	0,686
1810	-1,51E-01	0,723
1811	-1,57E-01	0,711
1812	-1,94E-01	0,696
1813	-2,41E-01	0,675
1814	-2,59E-01	0,655
1815	-2,45E-01	0,646
1816	-2,12E-01	0,631
1817	-1,91E-01	0,65
1818	-1,59E-01	0,677
1819	-1,11E-01	0,74
1820	-4,10E-02	0,762
1821	8,90E-03	0,786
1822	2,78E-03	0,782
1823	-1,81E-02	0,762
1824	2,31E-02	0,775
1825	1,13E-01	0,796
1826	1,64E-01	0,824
1827	1,46E-01	0,819
1828	1,09E-01	0,855
1829	6,19E-02	0,877
1830	-3,30E-02	0,892
1831	-1,26E-01	0,896
1832	-1,36E-01	0,921
1833	-1,01E-01	0,959
1834	-7,61E-02	0,97
1835	-7,80E-02	0,998
1836	-1,02E-01	0,996
1837	-1,22E-01	1,012
1838	-1,21E-01	1,03
1839	-1,21E-01	1,062
1840	-1,06E-01	1,09
1841	-7,41E-02	1,104
1842	-4,32E-02	1,121
1843	-3,31E-02	1,127
1844	-4,59E-02	1,14
1845	-7,00E-02	1,144
1846	-7,69E-02	1,181
1847	-7,81E-02	1,231
1848	-1,25E-01	1,264
1849	-2,37E-01	1,269
1850	-2,90E-01	1,248
1851	-2,56E-01	1,278
1852	-2,45E-01	1,33
1853	-2,88E-01	1,369
1854	-3,02E-01	1,37
1855	-2,82E-01	1,369
1856	-2,64E-01	1,38
1857	-2,57E-01	1,397
1858	-2,64E-01	1,431
1859	-2,47E-01	1,445
1860	-1,91E-01	1,469
1861	-1,41E-01	1,466
1862	-1,22E-01	1,468
1863	-7,91E-02	1,491
1864	-3,29E-02	1,508
1865	-5,80E-02	1,532
1866	-9,49E-02	1,525
1867	-6,31E-02	1,546
1868	2,78E-03	1,56
1869	1,19E-02	1,594
1870	-2,90E-02	1,607
1871	-7,99E-02	1,615
1872	-1,18E-01	1,631
1873	-1,49E-01	1,633
1874	-1,71E-01	1,66
1875	-1,72E-01	1,649
1876	-1,63E-01	1,671
1877	-1,53E-01	1,683
1878	-1,59E-01	1,721
1879	-1,66E-01	1,734
1880	-1,72E-01	1,739
1881	-1,39E-01	1,751
1882	-5,42E-02	1,74
1883	2,29E-02	1,765
1884	6,21E-02	1,755
1885	4,80E-02	1,779
1886	-1,59E-02	1,76
1887	-1,03E-01	1,779
1888	-1,23E-01	1,794
1889	-8,01E-02	1,81
1890	-5,90E-02	1,833
1891	-8,59E-02	1,837
1892	-1,48E-01	1,896
1893	-2,17E-01	1,9
1894	-2,71E-01	1,877
1895	-2,96E-01	1,748
1896	-3,18E-01	1,584
1897	-3,07E-01	1,33
1898	-2,47E-01	1,001
1899	-1,82E-01	0,715
1900	-1,21E-01	0,448
1901	-4,31E-02	0,266
1902	8,28E-02	0,154
1903	2,27E-01	0,115
1904	3,71E-01	0,114
1905	5,07E-01	0,155
1906	6,15E-01	0,239
1907	6,80E-01	0,344
1908	7,33E-01	0,441
1909	7,74E-01	0,52
1910	8,11E-01	0,615
1911	8,09E-01	0,719
1912	7,74E-01	0,836
1913	7,43E-01	0,949
1914	7,01E-01	1,06
1915	6,61E-01	1,169
1916	5,94E-01	1,27
1917	5,48E-01	1,376
1918	5,03E-01	1,474
1919	4,73E-01	1,589
1920	4,27E-01	1,704
1921	3,46E-01	1,806
1922	2,43E-01	1,877
1923	1,77E-01	1,924
1924	2,11E-01	1,981
1925	2,42E-01	2,046
1926	2,05E-01	2,1
1927	1,31E-01	2,121
1928	5,78E-02	2,149
1929	-2,11E-02	2,189
1930	-9,50E-02	2,209
1931	-1,47E-01	2,22
1932	-1,97E-01	2,22
1933	-2,52E-01	2,232
1934	-2,94E-01	2,23
1935	-3,20E-01	2,245
1936	-3,26E-01	2,254
1937	-3,27E-01	2,237
1938	-3,25E-01	2,209
1939	-3,13E-01	2,178
1940	-3,18E-01	2,2
1941	-3,19E-01	2,204
1942	-3,10E-01	2,237
1943	-2,47E-01	2,245
1944	-1,75E-01	2,274
1945	-1,44E-01	2,289
1946	-1,78E-01	2,29
1947	-2,57E-01	2,3
1948	-3,21E-01	2,277
1949	-3,43E-01	2,295
1950	-3,39E-01	2,277
1951	-3,51E-01	2,308
1952	-3,29E-01	2,31
1953	-2,85E-01	2,346
1954	-2,85E-01	2,369
1955	-3,20E-01	2,376
1956	-3,44E-01	2,394
1957	-3,44E-01	2,382
1958	-3,34E-01	2,417
1959	-3,11E-01	2,408
1960	-2,90E-01	2,441
1961	-2,66E-01	2,438
1962	-2,41E-01	2,465
1963	-2,26E-01	2,47
1964	-2,19E-01	2,474
1965	-2,21E-01	2,476
1966	-2,15E-01	2,458
1967	-2,28E-01	2,484
1968	-2,62E-01	2,464
1969	-3,34E-01	2,479
1970	-4,12E-01	2,453
1971	-4,45E-01	2,461
1972	-4,11E-01	2,44
1973	-3,62E-01	2,404
1974	-3,69E-01	2,384
1975	-4,05E-01	2,377
1976	-4,29E-01	2,396
1977	-4,19E-01	2,328
1978	-4,02E-01	2,259
1979	-3,81E-01	2,169
1980	-3,49E-01	2,114
1981	-3,30E-01	2,047
1982	-3,20E-01	1,99
1983	-3,00E-01	1,958
1984	-2,60E-01	1,93
1985	-2,33E-01	1,924
1986	-2,20E-01	1,875
1987	-2,54E-01	1,837
1988	-3,47E-01	1,789
1989	-4,27E-01	1,755
1990	-3,85E-01	1,729
1991	-3,07E-01	1,706
1992	-3,49E-01	1,684
1993	-4,35E-01	1,644
1994	-4,18E-01	1,621
1995	-3,25E-01	1,595
1996	-2,66E-01	1,577
1997	-2,44E-01	1,556
1998	-2,31E-01	1,536
1999	-2,15E-01	1,526
2000	-1,80E-01	1,501
2001	-1,35E-01	1,489
2002	-9,62E-02	1,475
2003	-7,71E-02	1,468
2004	-6,89E-02	1,458
2005	-7,00E-02	1,441
2006	-8,69E-02	1,438
2007	-8,01E-02	1,425
2008	-4,62E-02	1,438
2009	-6,91E-02	1,431
2010	-1,58E-01	1,425
2011	-1,99E-01	1,399
2012	-1,50E-01	1,377
2013	-9,99E-02	1,365
2014	-1,21E-01	1,357
2015	-1,71E-01	1,375
2016	-1,95E-01	1,369
2017	-1,97E-01	1,387
2018	-1,80E-01	1,376
2019	-1,66E-01	1,379
2020	-1,51E-01	1,375
2021	-1,39E-01	1,38
2022	-1,26E-01	1,4
2023	-1,10E-01	1,391
2024	-1,04E-01	1,407
2025	-9,60E-02	1,384
2026	-1,10E-01	1,39
2027	-1,36E-01	1,37
2028	-1,82E-01	1,375
2029	-2,28E-01	1,367
2030	-2,65E-01	1,353
2031	-3,09E-01	1,351
2032	-3,40E-01	1,336
2033	-3,66E-01	1,351
2034	-3,80E-01	1,325
2035	-3,85E-01	1,33
2036	-3,76E-01	1,301
2037	-3,52E-01	1,3
2038	-3,34E-01	1,284
2039	-3,09E-01	1,265
2040	-2,78E-01	1,254
2041	-2,29E-01	1,224
2042	-1,87E-01	1,225
2043	-1,48E-01	1,195
2044	-1,21E-01	1,188
2045	-1,06E-01	1,161
2046	-1,05E-01	1,165
2047	-1,18E-01	1,156
2048	-1,34E-01	1,137
2049	-1,50E-01	1,127
2050	-1,70E-01	1,105
2051	-1,97E-01	1,115
2052	-2,18E-01	1,099
2053	-2,39E-01	1,097
2054	-2,59E-01	1,081
2055	-2,66E-01	1,093
2056	-2,60E-01	1,119
2057	-2,39E-01	1,139
2058	-2,15E-01	1,12
2059	-1,83E-01	1,022
2060	-1,56E-01	0,901
2061	-1,29E-01	0,72
2062	-9,12E-02	0,487
2063	-4,81E-02	0,2
2064	-1,59E-02	-0,068
2065	4,00E-03	-0,3
2066	3,51E-02	-0,477
2067	8,59E-02	-0,573
2068	1,49E-01	-0,598
2069	2,13E-01	-0,59
2070	2,99E-01	-0,559
2071	3,60E-01	-0,529
2072	4,13E-01	-0,481
2073	4,34E-01	-0,411
2074	4,49E-01	-0,351
2075	4,55E-01	-0,296
2076	4,79E-01	-0,236
2077	5,02E-01	-0,152
2078	5,19E-01	-0,056
2079	5,55E-01	0,045
2080	5,75E-01	0,164
2081	5,85E-01	0,287
2082	5,53E-01	0,345
2083	5,00E-01	0,364
2084	4,30E-01	0,393
2085	3,68E-01	0,441
2086	2,98E-01	0,476
2087	2,32E-01	0,519
2088	2,20E-01	0,569
2089	2,11E-01	0,615
2090	1,30E-01	0,665
2091	-1,79E-02	0,675
2092	-1,13E-01	0,681
2093	-8,19E-02	0,66
2094	-4,51E-02	0,659
2095	-6,10E-02	0,656
2096	-1,01E-01	0,664
2097	-1,17E-01	0,681
2098	-1,10E-01	0,682
2099	-9,09E-02	0,689
2100	-6,20E-02	0,661
2101	-4,51E-02	0,657
2102	-2,52E-02	0,65
2103	-6,10E-03	0,67
2104	-8,94E-04	0,688
2105	-7,00E-03	0,696
2106	-1,49E-02	0,711
2107	-1,91E-02	0,714
2108	-3,92E-02	0,735
2109	-7,11E-02	0,718
2110	-1,17E-01	0,711
2111	-1,65E-01	0,704
2112	-2,06E-01	0,728
2113	-2,37E-01	0,74
2114	-2,45E-01	0,751
2115	-2,49E-01	0,765
2116	-2,45E-01	0,765
2117	-2,46E-01	0,784
2118	-2,38E-01	0,785
2119	-2,27E-01	0,807
2120	-2,12E-01	0,81
2121	-1,95E-01	0,826
2122	-1,81E-01	0,835
2123	-1,74E-01	0,843
2124	-1,81E-01	0,856
2125	-1,86E-01	0,855
2126	-1,95E-01	0,877
2127	-2,04E-01	0,877
2128	-2,20E-01	0,891
2129	-2,44E-01	0,886
2130	-2,73E-01	0,886
2131	-3,05E-01	0,882
2132	-3,22E-01	0,877
2133	-3,39E-01	0,879
2134	-3,45E-01	0,865
2135	-3,47E-01	0,863
2136	-3,35E-01	0,841
2137	-3,12E-01	0,833
2138	-2,85E-01	0,815
2139	-2,52E-01	0,792
2140	-2,16E-01	0,77
2141	-1,79E-01	0,748
2142	-1,40E-01	0,733
2143	-1,07E-01	0,704
2144	-7,69E-02	0,682
2145	-5,80E-02	0,652
2146	-5,39E-02	0,629
2147	-5,91E-02	0,614
2148	-7,02E-02	0,596
2149	-9,01E-02	0,588
2150	-1,10E-01	0,569
2151	-1,32E-01	0,561
2152	-1,46E-01	0,549
2153	-1,65E-01	0,537
2154	-1,69E-01	0,527
2155	-1,68E-01	0,519
2156	-1,61E-01	0,515
2157	-1,49E-01	0,495
2158	-1,27E-01	0,492
2159	-9,69E-02	0,49
2160	-6,20E-02	0,499
2161	-3,01E-02	0,494
2162	-1,62E-02	0,484
2163	-6,10E-03	0,476
2164	-3,89E-03	0,469
2165	-1,00E-02	0,471
2166	-2,99E-02	0,458
2167	-7,01E-02	0,46
2168	-1,21E-01	0,449
2169	-1,57E-01	0,44
2170	-1,25E-01	0,426
2171	-6,69E-02	0,424
2172	-4,78E-02	0,43
2173	-7,09E-02	0,422
2174	-1,02E-01	0,425
2175	-1,26E-01	0,41
2176	-1,44E-01	0,401
2177	-1,37E-01	0,389
2178	-1,09E-01	0,4
2179	-6,59E-02	0,411
2180	-2,20E-02	0,414
2181	1,59E-02	0,419
2182	4,28E-02	0,409
2183	5,99E-02	0,41
2184	7,41E-02	0,4
2185	8,10E-02	0,409
2186	7,51E-02	0,41
2187	5,69E-02	0,421
2188	3,38E-02	0,435
2189	8,90E-03	0,446
2190	-2,90E-02	0,461
2191	-6,99E-02	0,465
2192	-1,14E-01	0,484
2193	-1,46E-01	0,489
2194	-1,70E-01	0,502
2195	-1,85E-01	0,505
2196	-1,86E-01	0,515
2197	-1,76E-01	0,521
2198	-1,64E-01	0,524
2199	-1,40E-01	0,535
2200	-1,21E-01	0,54
2201	-1,10E-01	0,556
2202	-1,06E-01	0,555
2203	-9,41E-02	0,556
2204	-7,59E-02	0,546
2205	-6,90E-02	0,542
2206	-6,29E-02	0,539
2207	-5,31E-02	0,531
2208	-5,72E-02	0,534
2209	-8,31E-02	0,529
2210	-1,34E-01	0,529
2211	-1,92E-01	0,519
2212	-2,45E-01	0,514
2213	-2,81E-01	0,509
2214	-2,91E-01	0,501
2215	-2,85E-01	0,495
2216	-2,75E-01	0,482
2217	-2,60E-01	0,474
2218	-2,33E-01	0,458
2219	-1,92E-01	0,449
2220	-1,51E-01	0,436
2221	-1,14E-01	0,421
2222	-7,42E-02	0,407
2223	-3,51E-02	0,395
2224	-4,89E-03	0,386
2225	1,70E-02	0,365
2226	3,11E-02	0,346
2227	3,69E-02	0,321
2228	2,38E-02	0,309
2229	1,59E-02	0,302
2230	3,00E-03	0,296
2231	-1,59E-02	0,287
2232	-3,78E-02	0,273
2233	-5,29E-02	0,274
2234	-5,81E-02	0,273
2235	-5,00E-02	0,273
2236	-3,51E-02	0,264
2237	-1,59E-02	0,249
2238	1,72E-02	0,235
2239	5,01E-02	0,224
2240	8,50E-02	0,225
2241	1,15E-01	0,221
2242	1,49E-01	0,214
2243	1,77E-01	0,199
2244	1,78E-01	0,194
2245	1,65E-01	0,194
2246	1,47E-01	0,198
2247	1,26E-01	0,195
2248	9,48E-02	0,179
2249	6,09E-02	0,166
2250	3,00E-02	0,149
2251	-1,09E-02	0,141
2252	-4,98E-02	0,138
2253	-1,01E-01	0,141
2254	-1,46E-01	0,142
2255	-1,76E-01	0,146
2256	-1,67E-01	0,165
2257	-1,25E-01	0,19
2258	-7,78E-02	0,212
2259	-4,09E-02	0,188
2260	-1,50E-02	0,119
2261	5,90E-03	0,011
2262	1,58E-02	-0,13
2263	3,19E-02	-0,309
2264	6,51E-02	-0,532
2265	1,00E-01	-0,75
2266	1,34E-01	-0,921
2267	1,70E-01	-1,069
2268	2,11E-01	-1,126
2269	2,65E-01	-1,17
2270	3,41E-01	-1,15
2271	4,37E-01	-1,114
2272	5,25E-01	-1,044
2273	5,86E-01	-0,963
2274	6,53E-01	-0,907
2275	7,01E-01	-0,838
2276	7,59E-01	-0,777
2277	8,05E-01	-0,679
2278	8,38E-01	-0,598
2279	8,61E-01	-0,512
2280	8,55E-01	-0,439
2281	8,40E-01	-0,371
2282	8,00E-01	-0,297
2283	7,76E-01	-0,224
2284	7,34E-01	-0,149
2285	6,91E-01	-0,091
2286	6,32E-01	-0,044
2287	5,42E-01	-0,001
2288	4,44E-01	0,045
2289	3,41E-01	0,087
2290	2,69E-01	0,131
2291	2,05E-01	0,164
2292	1,60E-01	0,19
2293	1,07E-01	0,21
2294	4,99E-02	0,22
2295	-8,00E-03	0,223
2296	-5,51E-02	0,239
2297	-7,49E-02	0,265
2298	-7,38E-02	0,28
2299	-6,59E-02	0,295
2300	-5,90E-02	0,301
2301	-5,51E-02	0,316
2302	-5,22E-02	0,324
2303	-5,81E-02	0,333
2304	-6,29E-02	0,346
2305	-7,20E-02	0,361
2306	-8,89E-02	0,38
2307	-1,05E-01	0,379
2308	-1,21E-01	0,389
2309	-1,30E-01	0,398
2310	-1,50E-01	0,421
2311	-1,72E-01	0,438
2312	-1,89E-01	0,453
2313	-1,97E-01	0,471
2314	-1,95E-01	0,481
2315	-1,95E-01	0,506
2316	-1,89E-01	0,514
2317	-1,76E-01	0,54
2318	-1,55E-01	0,552
2319	-1,31E-01	0,578
2320	-9,60E-02	0,593
2321	-5,51E-02	0,611
2322	-1,82E-02	0,636
2323	8,90E-03	0,644
2324	2,41E-02	0,662
2325	2,10E-02	0,664
2326	5,11E-03	0,691
2327	-1,31E-02	0,693
2328	-3,62E-02	0,713
2329	-7,11E-02	0,725
2330	-1,09E-01	0,735
2331	-1,41E-01	0,745
2332	-1,63E-01	0,733
2333	-1,85E-01	0,74
2334	-2,00E-01	0,73
2335	-2,14E-01	0,748
2336	-2,24E-01	0,748
2337	-2,27E-01	0,756
2338	-2,22E-01	0,748
2339	-2,01E-01	0,733
2340	-1,74E-01	0,72
2341	-1,40E-01	0,694
2342	-1,17E-01	0,685
2343	-9,81E-02	0,662
2344	-8,69E-02	0,655
2345	-8,60E-02	0,63
2346	-1,03E-01	0,613
2347	-1,35E-01	0,598
2348	-1,69E-01	0,584
2349	-1,99E-01	0,575
2350	-2,15E-01	0,557
2351	-2,26E-01	0,559
2352	-2,44E-01	0,549
2353	-2,66E-01	0,549
2354	-2,85E-01	0,539
2355	-3,01E-01	0,532
2356	-3,02E-01	0,532
2357	-2,77E-01	0,534
2358	-2,36E-01	0,541
2359	-1,83E-01	0,545
2360	-1,36E-01	0,557
2361	-9,01E-02	0,562
2362	-6,12E-02	0,571
2363	-3,31E-02	0,579
2364	-1,19E-02	0,586
2365	-2,00E-03	0,599
2366	-8,89E-03	0,604
2367	-3,21E-02	0,616
2368	-6,52E-02	0,616
2369	-1,04E-01	0,619
2370	-1,42E-01	0,62
2371	-1,72E-01	0,619
2372	-1,93E-01	0,62
2373	-2,09E-01	0,611
2374	-2,21E-01	0,621
2375	-2,25E-01	0,621
2376	-2,24E-01	0,631
2377	-2,12E-01	0,621
2378	-1,97E-01	0,605
2379	-1,76E-01	0,59
2380	-1,54E-01	0,579
2381	-1,35E-01	0,583
2382	-1,16E-01	0,573
2383	-1,03E-01	0,57
2384	-8,89E-02	0,552
2385	-8,90E-02	0,556
2386	-9,79E-02	0,56
2387	-1,14E-01	0,56
2388	-1,46E-01	0,561
2389	-1,80E-01	0,544
2390	-2,25E-01	0,541
2391	-2,67E-01	0,524
2392	-3,19E-01	0,525
2393	-3,61E-01	0,509
2394	-3,96E-01	0,509
2395	-4,18E-01	0,511
2396	-4,18E-01	0,51
2397	-4,09E-01	0,507
2398	-3,77E-01	0,485
2399	-3,40E-01	0,477
2400	-3,00E-01	0,459
2401	-2,73E-01	0,459
2402	-2,50E-01	0,449
2403	-2,26E-01	0,453
2404	-2,07E-01	0,45
2405	-1,86E-01	0,441
2406	-1,81E-01	0,438
2407	-1,93E-01	0,427
2408	-2,26E-01	0,429
2409	-2,55E-01	0,42
2410	-2,78E-01	0,427
2411	-2,86E-01	0,422
2412	-2,87E-01	0,419
2413	-2,91E-01	0,406
2414	-2,90E-01	0,396
2415	-2,86E-01	0,388
2416	-2,66E-01	0,374
2417	-2,47E-01	0,367
2418	-2,15E-01	0,357
2419	-1,77E-01	0,359
2420	-1,38E-01	0,352
2421	-9,71E-02	0,347
2422	-6,12E-02	0,344
2423	-2,91E-02	0,338
2424	-6,89E-03	0,338
2425	5,00E-03	0,328
2426	6,11E-03	0,325
2427	-4,10E-03	0,319
2428	-2,82E-02	0,319
2429	-6,01E-02	0,311
2430	-9,90E-02	0,305
2431	-1,31E-01	0,302
2432	-1,60E-01	0,291
2433	-1,86E-01	0,285
2434	-2,00E-01	0,282
2435	-2,06E-01	0,287
2436	-1,95E-01	0,284
2437	-1,86E-01	0,275
2438	-1,64E-01	0,275
2439	-1,31E-01	0,28
2440	-1,00E-01	0,287
2441	-7,41E-02	0,285
2442	-4,72E-02	0,285
2443	-2,91E-02	0,28
2444	-1,79E-02	0,273
2445	-6,00E-03	0,273
2446	-4,89E-03	0,274
2447	-1,41E-02	0,279
2448	-3,12E-02	0,269
2449	-5,21E-02	0,263
2450	-6,60E-02	0,254
2451	-7,89E-02	0,249
2452	-8,98E-02	0,239
2453	-1,17E-01	0,231
2454	-1,36E-01	0,23
2455	-1,44E-01	0,228
2456	-1,29E-01	0,229
2457	-9,89E-02	0,217
2458	-6,58E-02	0,212
2459	-3,49E-02	0,207
2460	-1,60E-02	0,211
2461	-9,83E-05	0,209
2462	2,18E-02	0,209
2463	4,09E-02	0,206
2464	4,91E-02	0,191
2465	4,90E-02	0,188
2466	5,01E-02	0,177
2467	3,59E-02	0,172
2468	2,18E-02	0,165
2469	-9,83E-05	0,168
2470	-2,80E-02	0,169
2471	-6,39E-02	0,158
2472	-1,02E-01	0,144
2473	-1,33E-01	0,124
2474	-1,50E-01	0,111
2475	-1,51E-01	0,102
2476	-1,43E-01	0,101
2477	-1,29E-01	0,095
2478	-1,09E-01	0,084
2479	-8,89E-02	0,071
2480	-7,00E-02	0,054
2481	-5,41E-02	0,043
2482	-4,32E-02	0,03
2483	-3,31E-02	0,02
2484	-2,59E-02	0,015
2485	-3,30E-02	0,007
2486	-4,69E-02	-0,005
2487	-6,41E-02	-0,024
2488	-8,22E-02	-0,04
2489	-1,00E-01	-0,05
2490	-1,25E-01	-0,049
2491	-1,50E-01	-0,041
2492	-1,74E-01	-0,04
2493	-1,77E-01	-0,041
2494	-1,65E-01	-0,039
2495	-1,48E-01	-0,02
2496	-1,25E-01	0,007
2497	-9,19E-02	0,02
2498	-5,88E-02	-0,019
2499	-2,39E-02	-0,115
